555ea55e2cd821b39cf16f8a 0.222222 0.002704 0 0
555eac102cd821b39cf1941b 0.222222 0.002721 0 0
555eac2d2cd821b39cf1afc4 5.222222 0.001163 0 0
555eac6a2cd821b39cf1e3a5 0.222222 0.002743 0 0
555eac812cd821b39cf1f756 3.277778 0.001211 0 0
555eac882cd821b39cf1fd47 4.944444 0.001141 0 0
555eacb02cd821b39cf224bc 0.5 0.001242 0 0
555ead022cd821b39cf27a10 0.5 0.00126 0 0
555ead192cd821b39cf28fb5 0.5 0.001274 0 0
555ead302cd821b39cf2a56e 0.222222 0.002724 0 0
555ead432cd821b39cf2b1df 0.5 0.000414 0 0
555ead4a2cd821b39cf2b7d0 0.5 0.00126 0 0
555ead512cd821b39cf2bfa1 4.111111 0.001195 0 0
555ead612cd821b39cf2cd76 0.5 0.001233 0 0
555ead9e2cd821b39cf2ff6f 0.222222 0.002722 0 0
555eadaa2cd821b39cf30b3c 0.5 0.001245 0 0
555eadba2cd821b39cf3171d 4.388889 0.001147 0 0
555eadc32cd821b39cf31f16 0.5 0.001242 0 0
555eadf12cd821b39cf3504f 5.777778 0.001155 0 0
555eae052cd821b39cf369f0 0.5 0.001252 0 0
555eae3a2cd821b39cf37f9b 6.055556 0.001157 0 0
555eaebe2cd821b39cf3c429 5.777778 0.001164 0 0
555eaed92cd821b39cf3c84e 8.277778 0.002526 0 0
555eaf092cd821b39cf3d097 0.5 0.001458 0 0
555eaf222cd821b39cf3da98 0.222222 0.002767 0 0
555eaf312cd821b39cf3dea9 0.222222 0.002426 0 0
555eaf3c2cd821b39cf3e0c6 0.222222 0.002271 0 0
555eaf932cd821b39cf40a93 0.222222 0.002724 0 0
555eaf9a2cd821b39cf4146c 0.5 0.001244 0 0
555eafd92cd821b39cf43835 0.222222 0.002731 0 0
555eaff72cd821b39cf44c0e 6.055556 0.001106 0 0
555eb0322cd821b39cf467f3 0.222222 0.002733 0 0
555eb03e2cd821b39cf46a10 0.222222 0.002344 0 0
555eb07b2cd821b39cf47669 1.888889 0.004385 0 0
555eb0ad2cd821b39cf47aca 0.222222 0.002419 0 0
555eb0bb2cd821b39cf47ec7 9.388889 0.002229 0 0
555eb0ce2cd821b39cf488c8 0.5 0.012501 0 0
555eb0fb2cd821b39cf494e5 0.222222 0.001435 0 0
555eb1012cd821b39cf496ee 0.222222 0 0 0
555eb10a2cd821b39cf49aeb 0.222222 0.001229 0 0
555eb12c2cd821b39cf4a320 0.222222 0.002496 0 0
555eb13d2cd821b39cf4ab19 8.555556 0.001058 0 0
555eb15f2cd821b39cf4ad5e 1.333333 0.007407 0 0
555eb17e2cd821b39cf4b38b 2.166667 0.016504 0 0
555eb19b2cd821b39cf4bb98 0.222222 0.00158 0 0
555eb1ce2cd821b39cf4d1a1 8.555556 0.001148 0 0
555eb1d52cd821b39cf4d3aa 0.222222 0.00277 0 0
555eb1e52cd821b39cf4dba3 2.722222 0.003083 0 0
555eb2322cd821b39cf50b38 0.222222 0.002722 0 0
555eb2532cd821b39cf526e1 0.222222 0.002717 0 0
555eb2682cd821b39cf538b2 0.5 0.001255 0 0
555eb3342cd821b39cf588c7 0.5 0.000407 0 0
555eb3752cd821b39cf5aca4 0.222222 0.002749 0 0
555eb3be2cd821b39cf5d851 0.222222 0.002712 0 0
555eb4212cd821b39cf60a16 0.222222 0.00273 0 0
555eb42e2cd821b39cf60c33 0.5 0.001249 0 0
555eb4502cd821b39cf629d0 0.222222 0.002744 0 0
555eb4a12cd821b39cf66149 0.5 0.001252 0 0
555eb4ee2cd821b39cf66dca 0.222222 0.001829 0 0
555eb4f62cd821b39cf66fd3 0.222222 0.002745 0 0
555eb5222cd821b39cf68b90 0.222222 0.001528 0 0
555eb58e2cd821b39cf6cb29 9.111111 0.001195 0 0
555eb5a02cd821b39cf6d322 0.222222 0.002691 0 0
555eb5b62cd821b39cf6e8c7 0.222222 0.002713 0 0
555eb5c42cd821b39cf6f2b4 0.222222 0.002732 0 0
555eb5d42cd821b39cf6fe95 0.222222 0.002704 0 0
555eb5dd2cd821b39cf70486 0.222222 0.002738 0 0
555eb5ff2cd821b39cf71c5b 0.222222 0.002726 0 0
555eb6052cd821b39cf71e50 0.222222 0.002736 0 0
555eb6282cd821b39cf73819 0.5 0.001235 0 0
555eb6662cd821b39cf7639e 0.5 0.001244 0 0
555eb68e2cd821b39cf78163 0.5 0.001261 0 0
555eb6952cd821b39cf7854c 6.055556 0.001356 0 0
555eb6a62cd821b39cf78d45 0.222222 0.002754 0 0
555eb6b82cd821b39cf79b2e 5.777778 0.008469 0 0
555eb6e82cd821b39cf7a183 2.444444 0.007593 0 0
555eb7432cd821b39cf7aa30 2.166667 0.010213 0 0
555eb8072cd821b39cf7c395 0.5 0.001132 0 0
555eb97b2cd821b39cf7d4da 0.5 0.004564 0 0
555eb9a72cd821b39cf7e0a7 6.055556 0.001538 0 0
555eba232cd821b39cf80d94 2.166667 0.00316 0 0
555ebad52cd821b39cf841e9 0.777778 0.001178 0 0
555ebb0f2cd821b39cf8537e 0.222222 0.006565 0 0
555ebb172cd821b39cf85573 1.055556 0.001594 0 0
555ebb222cd821b39cf85768 0.777778 0.002784 0 0
555ebb3b2cd821b39cf85f39 0.222222 0.001581 0 0
555ebb4d2cd821b39cf86322 0.5 0.001772 0 0
555ebb782cd821b39cf86323 0.777778 0.001832 0 0
555ebb892cd821b39cf86900 1.611111 0.011934 0 0
555ebc1e2cd821b39cf8a58d 0.222222 0 0 0
555ebc982cd821b39cf8d268 0.5 0.001293 0 0
555ebcab2cd821b39cf8d845 0.222222 0.005262 0 0
555ebe252cd821b39cf9592e 0.777778 0.003188 0 0
555ebe862cd821b39cf97e4b 1.333333 0.003337 0 0
555ebed72cd821b39cf98fe0 1.611111 0.006809 0 0
555ebee52cd821b39cf997b1 0.5 0.009634 0 0
555ebf042cd821b39cf9af22 0.222222 0.001435 0 0
555ec0032cd821b39cfa0513 0.5 0.008321 0 0
555ec08a2cd821b39cfa0ed8 2.166667 0.002666 0 0
555ec0a42cd821b39cfa10cd 0.777778 0.007078 0 0
555ec10b2cd821b39cfa1c86 0.222222 0.000985 0 0
555ec1122cd821b39cfa206f 11.055556 0.004003 0 0
555ec1232cd821b39cfa2458 1.055556 0.002539 0 0
555ec1952cd821b39cfa2c29 0.222222 0.001572 0 0
555ec1ba2cd821b39cfa3012 3 0.001545 0 0
555ecaf32cd821b39cfbdbcf 0.222222 0.018878 0 0
555ecb522cd821b39cfbed64 0.777778 0.002926 0 0
555ecb592cd821b39cfbf341 1.055556 0.005536 0 0
555ecb642cd821b39cfbfb12 1.611111 0.003525 0 0
555ecb702cd821b39cfbfefb 1.333333 0.002968 0 0
555ecf7f2cd821b39cfc85c0 0.222222 0.000598 0 0
555ed0002cd821b39cfca119 0.222222 0.01727 0 0
555ed0162cd821b39cfca502 0.222222 0.001432 0 0
555ed0432cd821b39cfca8eb 0.222222 0.003295 0 0
555ed0522cd821b39cfcacd4 0.222222 0.003211 0 0
5563450c690cd31803726651 21 0.015656 0 0
55634929690cd318037271d9 21 0.015656 0 0
55634a41690cd318037273ce 21 0.015656 0 0
55634a6a690cd318037275c3 21 0.015656 0 0
55634abd690cd31803727cdf 57 0.00904 121.606109 31.206758
55634ce6690cd31803727ed4 246 0.33668 121.606109 31.206758
